-8.87704702250781E+00
-8.87677152070714E+00
-8.87629956834894E+00
-8.87562046703006E+00
-8.87472328238419E+00
-8.87359681995682E+00
-8.87222959814127E+00
-8.87060981842105E+00
-8.86872533285509E+00
-8.86656360878747E+00
-8.86411169086437E+00
-8.86135615962056E+00
-8.85828308854002E+00
-8.85487799734333E+00
-8.85112580342623E+00
-8.84701077113487E+00
-8.84251645953800E+00
-8.83762566955910E+00
-8.83232039178131E+00
-8.82658175681051E+00
-8.82038998907539E+00
-8.81372436195229E+00
-8.80656314718222E+00
-8.79888364510668E+00
-8.79066315723147E+00
