xred1

0.000100 0.000100 0.000100
0.249900 0.249900 0.249900

xred2

0.000200 0.000200 0.000200
0.249800 0.249800 0.249800

xred3

0.000300 0.000300 0.000300
0.249700 0.249700 0.249700

xred4

0.000400 0.000400 0.000400
0.249600 0.249600 0.249600

xred5

0.000500 0.000500 0.000500
0.249500 0.249500 0.249500

xred6

0.000600 0.000600 0.000600
0.249400 0.249400 0.249400

xred7

0.000700 0.000700 0.000700
0.249300 0.249300 0.249300

xred8

0.000800 0.000800 0.000800
0.249200 0.249200 0.249200

xred9

0.000900 0.000900 0.000900
0.249100 0.249100 0.249100

xred10

0.001000 0.001000 0.001000
0.249000 0.249000 0.249000

xred11

0.001100 0.001100 0.001100
0.248900 0.248900 0.248900

xred12

0.001200 0.001200 0.001200
0.248800 0.248800 0.248800

xred13

0.001300 0.001300 0.001300
0.248700 0.248700 0.248700

xred14

0.001400 0.001400 0.001400
0.248600 0.248600 0.248600

xred15

0.001500 0.001500 0.001500
0.248500 0.248500 0.248500

xred16

0.001600 0.001600 0.001600
0.248400 0.248400 0.248400

xred17

0.001700 0.001700 0.001700
0.248300 0.248300 0.248300

xred18

0.001800 0.001800 0.001800
0.248200 0.248200 0.248200

xred19

0.001900 0.001900 0.001900
0.248100 0.248100 0.248100

xred20

0.002000 0.002000 0.002000
0.248000 0.248000 0.248000

xred21

0.002100 0.002100 0.002100
0.247900 0.247900 0.247900

xred22

0.002200 0.002200 0.002200
0.247800 0.247800 0.247800

xred23

0.002300 0.002300 0.002300
0.247700 0.247700 0.247700

xred24

0.002400 0.002400 0.002400
0.247600 0.247600 0.247600

xred25

0.002500 0.002500 0.002500
0.247500 0.247500 0.247500

