0.001869904433 0.000003496543
0.003739808866 0.000013986170
0.005609713300 0.000031468883
0.007479617733 0.000055944681
0.009349522166 0.000087413565
0.011219426599 0.000125875533
0.013089331032 0.000171330587
0.014959235466 0.000223778726
0.016829139899 0.000283219950
0.018699044332 0.000349654259
0.020568948765 0.000423081653
0.022438853198 0.000503502133
0.024308757632 0.000590915698
0.026178662065 0.000685322348
0.028048566498 0.000786722083
0.029918470931 0.000895114903
0.031788375364 0.001010500808
0.033658279798 0.001132879799
0.035528184231 0.001262251875
0.037398088664 0.001398617036
0.039267993097 0.001541975282
0.041137897530 0.001692326613
0.043007801964 0.001849671030
0.044877706397 0.002014008531
0.046747610830 0.002185339118
