Displacement squared | Difference in E
0.000003496543 8.95373e-05
0.000013986170 0.000365039
0.000031468883 0.000836991
0.000055944681 0.00151609
0.000087413565 0.00241328
0.000125875533 0.00353974
0.000171330587 0.00490696
0.000223778726 0.00652674
0.000283219950 0.00841123
0.000349654259 0.010573
0.000423081653 0.0130249
0.000503502133 0.0157804
0.000590915698 0.0188535
0.000685322348 0.0222586
0.000786722083 0.0260108
0.000895114903 0.0301258
0.001010500808 0.0346201
0.001132879799 0.0395109
0.001262251875 0.0448162
0.001398617036 0.0505548
0.001541975282 0.0567466
0.001692326613 0.0634122
0.001849671030 0.0705734
0.002014008531 0.0782529
0.002185339118 0.0864734
